0000111000000010
0000101000010001
1000101000001000
0010101100000000
0000110100010000
0000010011000010
0000011010001000
0000100000100110
0010010100000010
0010001000000011
0010011000010000
0000001100010010
0010100000010010
0001010000100010
0001101000100000
0000011000100100
1000100001000010
0000011100000001
0100001000100010
1000110010000000
0000101011000000
0101011000000000
1000010000001010
1000001010000010
0100010000000110
0101100000000010
0000100010001010
0100110000100000
0100101000000100
0001110000000100
0001001000000110
0000010000010011
0000110001001000
1000011001000000
0000100100000011
0000001001001010
0010110000000001
1100100000000001
0000001001100001
0001000000011010
0100010001010000
0000001010110000
0011100000001000
0110000000001010
0000000010000111
1000100000010100
1010000000000110
0001100001000001
0010010000001100
0000010001000101
0100100101000000
0000100010100001
1000001100100000
1010100000100000
1001100100000000
1100000100000010
0000100001110000
0100001000001001
0110001001000000
0001001001010000
0001001100001000
0001010110000000
0000010010010100
0001010000001001
0100001110000000
0000000000101011
0010001010000100
0000010000111000
1000010100000100
0000000001010110
1001000000000011
0000000110100010
0100000001000011
0001000101000010
1000000000110010
0010001000101000
1000001000000101
1000010000100001
0100100000011000
0000001000011100
0110100010000000
0000100000001101
0010010010100000
1110010000000000
0000100110000100
0100000010010010
0000010101100000
1001010000010000
0100010010000001
0011000010000010
0000000100001110
0000001101000100
0011010001000000
0001001010000001
1100001000010000
1011001000000000
0100010100001000
0010100001000100
0001100010010000
0010000001100010
0000100100101000
0100000100110000
0101000000100100
0010000001001001
0000000010101100
1000000000011001
1010000001010000
0001000000110001
0001000001001100
0000000011010001
1001000010000100
0010000010011000
0110000000100001
1000000101000001
0000000101011000
1001000000101000
0010000111000000
0001000011100000
0101000010001000
1101000001000000
1000000011001000
0110000100000100
0011000100100000
0010000100010001
0101000100000001
0000000110001001
1010000010000001
1100000000001100
0100000000010101
1000000110010000
0011000000000101
0001000100010100
1010000100001000
0111000000010000
1100000010100000
0100000001101000
0010000000110100
0000000100100101
1000000001100100
0100000011000100